,Target
575,1
306,1
526,1
85,1
471,1
338,1
215,1
18,1
490,1
239,1
666,1
230,1
50,1
727,1
663,1
546,1
506,1
712,1
263,1
193,1
10,1
68,1
710,1
395,1
2,1
749,1
204,1
310,1
499,1
142,1
271,1
564,1
699,1
545,1
352,1
222,1
402,1
755,1
604,1
578,1
367,1
249,1
593,1
726,1
71,1
49,1
267,1
278,1
355,1
652,1
505,1
477,1
37,1
536,1
48,1
240,1
301,1
628,1
585,1
407,1
76,1
64,1
601,1
52,1
302,1
495,1
462,1
612,1
657,1
590,1
358,1
156,1
118,1
649,1
476,1
181,1
354,1
252,1
97,1
522,1
466,1
403,1
516,1
613,1
588,1
386,1
17,1
523,1
253,1
715,1
389,1
294,1
694,1
334,1
681,1
700,1
45,1
313,1
62,1
356,1
293,1
268,1
140,1
303,1
535,1
127,1
214,1
365,1
457,1
144,1
608,1
21,1
735,1
572,1
35,1
518,1
241,1
400,1
77,1
360,1
242,1
521,1
109,1
251,1
532,1
101,1
424,1
312,1
231,1
266,1
623,1
489,1
397,1
369,1
745,1
243,1
211,1
540,1
165,1
188,1
327,1
399,1
34,1
754,1
317,1
752,1
250,1
458,1
627,1
155,1
272,1
580,1
691,1
315,1
200,1
319,1
753,1
463,1
12,1
161,1
247,1
451,1
496,1
285,1
520,1
159,1
688,1
425,1
229,1
78,1
92,1
624,1
66,1
696,1
382,1
453,1
415,1
690,1
299,1
643,1
582,1
670,1
15,1
245,1
517,1
6,1
333,1
519,1
104,1
456,1
392,1
418,1
90,1
434,1
390,1
695,1
218,1
557,1
616,1
205,1
739,1
190,1
492,1
533,1
194,1
484,1
132,1
233,1
173,1
178,1
731,1
571,1
206,1
428,1
96,1
648,1
350,1
427,1
89,1
742,1
179,1
0,1
46,1
171,1
602,1
363,1
107,1
133,1
436,1
223,1
441,1
102,1
108,1
213,1
491,1
316,1
246,1
746,1
409,1
125,1
744,1
673,1
401,1
687,1
224,1
26,1
447,1
529,1
337,1
3,1
134,1
325,1
351,1
186,1
478,1
295,1
632,1
416,1
596,1
679,1
225,1
619,1
330,1
647,1
332,1
750,1
671,1
513,1
721,1
483,1
501,1
577,1
568,1
112,1
597,1
664,1
20,1
65,1
298,1
126,1
259,1
561,1
385,1
339,1
685,1
137,1
487,1
7,1
342,1
692,1
309,1
524,1
185,1
621,1
353,1
538,1
153,1
54,1
30,1
413,1
672,1
100,1
432,1
622,1
716,1
237,1
656,1
56,1
60,1
566,1
262,1
729,1
264,1
702,1
626,1
208,1
391,1
605,1
435,1
167,1
38,1
412,1
651,1
618,1
300,1
494,1
481,1
641,1
163,1
124,1
154,1
336,1
59,1
479,1
304,1
706,1
592,1
343,1
567,1
311,1
460,1
158,1
51,1
542,1
674,1
503,1
361,1
443,1
474,1
219,1
308,1
74,1
282,1
553,1
502,1
511,1
4,1
614,1
583,1
473,1
665,1
5,1
141,1
740,1
135,1
500,1
378,1
713,1
22,1
682,1
276,1
284,1
270,1
426,1
722,1
281,1
420,1
220,1
683,1
320,1
439,1
372,1
120,1
81,1
741,1
13,1
467,1
504,1
732,1
724,1
160,1
737,1
238,1
379,1
497,1
530,1
440,1
733,1
563,1
195,1
191,1
116,1
576,1
620,1
164,1
106,1
16,1
63,1
470,1
384,1
698,1
105,1
534,1
730,1
329,1
475,1
480,1
345,1
725,1
405,1
644,1
93,1
556,1
433,1
83,1
638,1
348,1
586,1
455,1
198,1
145,1
414,1
150,1
720,1
39,1
738,1
549,1
689,1
322,1
357,1
69,1
514,1
509,1
340,1
221,1
703,1
146,1
289,1
29,1
114,1
508,1
609,1
176,1
168,1
347,1
376,1
573,1
676,1
645,1
579,1
189,1
136,1
446,1
635,1
254,1
667,1
290,1
711,1
640,1
232,1
33,1
88,1
44,1
341,1
61,1
748,1
199,1
429,1
686,1
394,1
297,1
73,1
393,1
547,1
541,1
646,1
630,1
636,1
217,1
539,1
625,1
421,1
138,1
212,1
637,1
634,1
655,1
693,1
234,1
67,1
24,1
381,1
216,1
129,1
349,1
111,1
166,1
207,1
438,1
552,1
274,1
642,1
603,1
525,1
287,1
469,1
326,1
121,1
507,1
228,1
595,1
445,1
117,1
464,1
25,1
110,1
149,1
152,1
528,1
461,1
598,1
139,1
260,1
323,1
678,1
248,1
450,1
410,1
607,1
19,1
328,1
296,1
269,1
226,1
94,1
515,1
280,1
286,1
589,1
704,1
444,1
184,1
371,1
661,1
736,1
275,1
751,1
182,1
32,1
80,1
307,1
11,1
43,1
86,1
36,1
58,1
41,1
411,1
562,1
209,1
148,1
594,1
123,1
574,1
98,1
377,1
130,1
23,1
658,1
555,1
370,1
512,1
383,1
201,1
368,1
554,1
610,1
387,1
292,1
256,1
606,1
197,1
95,1
728,1
169,1
581,1
305,1
560,1
373,1
227,1
660,1
143,1
180,1
131,1
719,1
47,1
324,1
203,1
84,1
633,1
565,1
611,1
398,1
91,1
82,1
430,1
119,1
291,1
57,1
321,1
257,1
717,1
442,1
42,1
617,1
388,1
335,1
273,1
488,1
550,1
53,1
708,1
128,1
28,1
183,1
459,1
510,1
675,1
151,1
244,1
714,1
543,1
544,1
639,1
697,1
265,1
288,1
423,1
147,1
659,1
177,1
99,1
448,1
431,1
709,1
115,1
72,1
537,1
677,1
743,1
174,1
87,1
551,1
486,1
705,1
314,1
396,1
600,1
472,1
70,1
599,1
277,1
723,1
9,1
359,1
707,1
192,1
629,1
559,1
684,1
575,2
306,2
526,2
85,2
471,2
338,2
215,2
18,2
490,2
239,2
666,2
230,2
50,2
727,2
663,2
546,2
506,2
712,2
263,2
193,2
10,2
68,2
710,2
395,2
2,2
749,2
204,2
310,2
499,2
142,2
271,2
564,2
699,2
545,2
352,2
222,2
402,2
755,2
604,2
578,2
367,2
249,2
593,2
726,2
71,2
49,2
267,2
278,2
355,2
652,2
505,2
477,2
37,2
536,2
48,2
240,2
301,2
628,2
585,2
407,2
76,2
64,2
601,2
52,2
302,2
495,2
462,2
612,2
657,2
590,2
358,2
156,2
118,2
649,2
476,2
181,2
354,2
252,2
97,2
522,2
466,2
403,2
516,2
613,2
588,2
386,2
17,2
523,2
253,2
715,2
389,2
294,2
694,2
334,2
681,2
700,2
45,2
313,2
62,2
356,2
293,2
268,2
140,2
303,2
535,2
127,2
214,2
365,2
457,2
144,2
608,2
21,2
735,2
572,2
35,2
518,2
241,2
400,2
77,2
360,2
242,2
521,2
109,2
251,2
532,2
101,2
424,2
312,2
231,2
266,2
623,2
489,2
397,2
369,2
745,2
243,2
211,2
540,2
165,2
188,2
327,2
399,2
34,2
754,2
317,2
752,2
250,2
458,2
627,2
155,2
272,2
580,2
691,2
315,2
200,2
319,2
753,2
463,2
12,2
161,2
247,2
451,2
496,2
285,2
520,2
159,2
688,2
425,2
229,2
78,2
92,2
624,2
66,2
696,2
382,2
453,2
415,2
690,2
299,2
643,2
582,2
670,2
15,2
245,2
517,2
6,2
333,2
519,2
104,2
456,2
392,2
418,2
90,2
434,2
390,2
695,2
218,2
557,2
616,2
205,2
739,2
190,2
492,2
533,2
194,2
484,2
132,2
233,2
173,2
178,2
731,2
571,2
206,2
428,2
96,2
648,2
350,2
427,2
89,2
742,2
179,2
0,2
46,2
171,2
602,2
363,2
107,2
133,2
436,2
223,2
441,2
102,2
108,2
213,2
491,2
316,2
246,2
746,2
409,2
125,2
744,2
673,2
401,2
687,2
224,2
26,2
447,2
529,2
337,2
3,2
134,2
325,2
351,2
186,2
478,2
295,2
632,2
416,2
596,2
679,2
225,2
619,2
330,2
647,2
332,2
750,2
671,2
513,2
721,2
483,2
501,2
577,2
568,2
112,2
597,2
664,2
20,2
65,2
298,2
126,2
259,2
561,2
385,2
339,2
685,2
137,2
487,2
7,2
342,2
692,2
309,2
524,2
185,2
621,2
353,2
538,2
153,2
54,2
30,2
413,2
672,2
100,2
432,2
622,2
716,2
237,2
656,2
56,2
60,2
566,2
262,2
729,2
264,2
702,2
626,2
208,2
391,2
605,2
435,2
167,2
38,2
412,2
651,2
618,2
300,2
494,2
481,2
641,2
163,2
124,2
154,2
336,2
59,2
479,2
304,2
706,2
592,2
343,2
567,2
311,2
460,2
158,2
51,2
542,2
674,2
503,2
361,2
443,2
474,2
219,2
308,2
74,2
282,2
553,2
502,2
511,2
4,2
614,2
583,2
473,2
665,2
5,2
141,2
740,2
135,2
500,2
378,2
713,2
22,2
682,2
276,2
284,2
270,2
426,2
722,2
281,2
420,2
220,2
683,2
320,2
439,2
372,2
120,2
81,2
741,2
13,2
467,2
504,2
732,2
724,2
160,2
737,2
238,2
379,2
497,2
530,2
440,2
733,2
563,2
195,2
191,2
116,2
576,2
620,2
164,2
106,2
16,2
63,2
470,2
384,2
698,2
105,2
534,2
730,2
329,2
475,2
480,2
345,2
725,2
405,2
644,2
93,2
556,2
433,2
83,2
638,2
348,2
586,2
455,2
198,2
145,2
414,2
150,2
720,2
39,2
738,2
549,2
689,2
322,2
357,2
69,2
514,2
509,2
340,2
221,2
703,2
146,2
289,2
29,2
114,2
508,2
609,2
176,2
168,2
347,2
376,2
573,2
676,2
645,2
579,2
189,2
136,2
446,2
635,2
254,2
667,2
290,2
711,2
640,2
232,2
33,2
88,2
44,2
341,2
61,2
748,2
199,2
429,2
686,2
394,2
297,2
73,2
393,2
547,2
541,2
646,2
630,2
636,2
217,2
539,2
625,2
421,2
138,2
212,2
637,2
634,2
655,2
693,2
234,2
67,2
24,2
381,2
216,2
129,2
349,2
111,2
166,2
207,2
438,2
552,2
274,2
642,2
603,2
525,2
287,2
469,2
326,2
121,2
507,2
228,2
595,2
445,2
117,2
464,2
25,2
110,2
149,2
152,2
528,2
461,2
598,2
139,2
260,2
323,2
678,2
248,2
450,2
410,2
607,2
19,2
328,2
296,2
269,2
226,2
94,2
515,2
280,2
286,2
589,2
704,2
444,2
184,2
371,2
661,2
736,2
275,2
751,2
182,2
32,2
80,2
307,2
11,2
43,2
86,2
36,2
58,2
41,2
411,2
562,2
209,2
148,2
594,2
123,2
574,2
98,2
377,2
130,2
23,2
658,2
555,2
370,2
512,2
383,2
201,2
368,2
554,2
610,2
387,2
292,2
256,2
606,2
197,2
95,2
728,2
169,2
581,2
305,2
560,2
373,2
227,2
660,2
143,2
180,2
131,2
719,2
47,2
324,2
203,2
84,2
633,2
565,2
611,2
398,2
91,2
82,2
430,2
119,2
291,2
57,2
321,2
257,2
717,2
442,2
42,2
617,2
388,2
335,2
273,2
488,2
550,2
53,2
708,2
128,2
28,2
183,2
459,2
510,2
675,2
151,2
244,2
714,2
543,2
544,2
639,2
697,2
265,2
288,2
423,2
147,2
659,2
177,2
99,2
448,2
431,2
709,2
115,2
72,2
537,2
677,2
743,2
174,2
87,2
551,2
486,2
705,2
314,2
396,2
600,2
472,2
70,2
599,2
277,2
723,2
9,2
359,2
707,2
192,2
629,2
559,2
684,2
